(
(0 (7000 1800 75) (4300 3600 55) (5500 3600 50) (5800 3600 50) (6200 3600 50))
(1800 (6700 900 70))
(2700 (6500 600 65))
(3300 (6300 600 60))
(3600 (6200 1800 75) (3800 3600 50) (5000 3600 48) (5300 3600 48) (5700 3600 48))
(5400 (6000 900 70))
(6300 (5800 600 65))
(6900 (6000 600 65))
(7200 (6300 1800 75) (4100 3600 50) (5300 3600 48) (5500 3600 48) (5800 3600 48))
(9000 (6200 900 70))
(9900 (6000 600 65))
(10500 (5800 600 60))
(10800 (6200 3600 80) (4300 3600 52) (5000 3600 50) (5800 3600 50))
(14400 (7000 1800 75) (4300 3600 55) (5500 3600 50) (5800 3600 50) (6200 3600 50))
(16200 (6700 900 70))
(17100 (6500 600 65))
(17700 (6300 600 60))
(18000 (6300 1800 75) (3600 3600 50) (4800 3600 48) (5100 3600 48) (5500 3600 48))
(19800 (6200 900 70))
(20700 (6300 600 65))
(21300 (6500 600 65))
(21600 (6500 1800 75) (3800 3600 50) (5000 3600 48) (5400 3600 48) (5700 3600 48))
(23400 (6300 900 70))
(24300 (6200 600 65))
(24900 (6000 600 65))
(25200 (5800 3600 80) (4300 3600 55) (5500 3600 50) (5800 3600 50) (6200 3600 50))
(28800 (6700 1800 72) (4100 3600 50) (5300 3600 48) (5500 3600 48) (5800 3600 48))
(30600 (6500 900 68))
(31500 (6300 600 65))
(32100 (6200 600 62))
(32400 (6300 1800 72) (3600 3600 50) (4800 3600 48) (5100 3600 48) (5500 3600 48))
(34200 (6200 900 68))
(35100 (6000 600 65))
(35700 (5800 600 62))
(36000 (6900 1800 75) (4100 3600 50) (5300 3600 48) (5700 3600 48) (6000 3600 48))
(37800 (6700 900 70))
(38700 (6500 600 65))
(39300 (6300 600 62))
(39600 (6400 1800 75) (3800 3600 50) (5000 3600 48) (5400 3600 48) (5700 3600 48))
(41400 (6500 600 65))
(42000 (6300 600 62))
(42600 (6200 600 60))
(43200 (6200 3600 80) (4300 3600 55) (5500 3600 50) (5800 3600 50) (6200 3600 50))
(46800 (7000 1800 78) (4300 3600 55) (5500 3600 50) (5800 3600 50) (6200 3600 50))
(48600 (6700 900 73))
(49500 (6500 600 68))
(50100 (6300 600 63))
(50400 (6300 1800 75) (3600 3600 50) (4800 3600 48) (5100 3600 48) (5500 3600 48))
(52200 (6200 900 70))
(53100 (6000 600 65))
(53700 (5800 600 62))
(54000 (6200 1800 75) (4600 3600 50) (5400 3600 48) (5800 3600 48) (6200 3600 48))
(55800 (6000 900 70))
(56700 (5800 600 65))
(57300 (5700 600 62))
(57600 (5800 3600 80) (4300 3600 55) (5500 3600 50) (5800 3600 50) (6200 3600 50))
(61200 (6700 1800 75) (4100 3600 50) (5300 3600 48) (5500 3600 48) (5800 3600 48))
(63000 (6500 900 70))
(63900 (6300 600 65))
(64500 (6200 600 62))
(64800 (6300 1800 75) (3600 3600 50) (4800 3600 48) (5100 3600 48) (5500 3600 48))
(66600 (6200 900 70))
(67500 (6000 600 65))
(68100 (5800 600 62))
(68400 (6400 1800 78) (3800 3600 50) (5000 3600 48) (5400 3600 48) (5700 3600 48))
(70200 (6300 900 73))
(71100 (6200 600 68))
(71700 (6100 600 65))
(72000 (6200 3600 85) (4300 3600 55) (5500 3600 52) (5800 3600 52) (6200 3600 52))
(75600 (7000 1800 78) (4300 3600 55) (5500 3600 50) (5800 3600 50) (6200 3600 50))
(77400 (7200 900 75))
(78300 (7000 600 70))
(78900 (6900 600 68))
(79200 (6700 1800 75) (3600 3600 50) (4800 3600 48) (5100 3600 48) (5500 3600 48))
(81000 (6500 900 70))
(81900 (6300 600 65))
(82500 (6200 600 62))
(82800 (6400 1800 78) (3800 3600 50) (5000 3600 48) (5400 3600 48) (5700 3600 48))
(84600 (6700 900 75))
(85500 (6900 600 70))
(86100 (7000 600 68))
(86400 (6700 3600 90) (4300 3600 58) (5500 3600 55) (5800 3600 55) (6200 3600 55))
(90000 (6300 1800 75) (3600 3600 50) (4800 3600 48) (5100 3600 48) (5500 3600 48))
(91800 (6200 900 70))
(92700 (6000 600 65))
(93300 (5800 600 62))
(93600 (6400 1800 75) (3800 3600 50) (5000 3600 48) (5400 3600 48) (5700 3600 48))
(95400 (6300 900 70))
(96300 (6200 600 65))
(96900 (6100 600 62))
(97200 (5800 1800 72) (4300 3600 55) (5500 3600 50) (5800 3600 50) (6200 3600 50))
(99000 (5700 900 68))
(99900 (5500 600 65))
(100500 (5300 600 60))
(100800 (5500 3600 80) (4300 3600 58) (5500 3600 55) (5800 3600 55) (6200 3600 55))
)
